1669862412.307501,2
1669862412.412697,20
1669862412.522482,20
1669862412.634036,20
1669862412.743388,20
1669862412.853821,20
1669862412.964301,20
1669862413.074423,19
1669862413.183626,20
1669862413.301116,19
1669862413.412242,19
1669862413.522291,5
1669862413.632063,7
1669862413.741293,7
1669862413.850564,8
1669862413.960411,8
1669862414.070483,20
1669862414.180670,20
1669862414.291008,10
1669862414.408262,3
1669862414.518101,9
1669862414.622312,18
1669862414.732045,20
1669862414.835193,18
1669862414.945129,4
1669862415.054629,6
1669862415.164573,8
1669862415.274149,9
1669862415.384092,10
1669862415.493933,11
1669862415.609546,13
1669862415.720892,14
1669862415.823464,15
1669862415.933526,15
1669862416.043454,15
1669862416.153298,16
1669862416.263642,17
1669862416.373747,17
1669862416.483914,18
1669862416.593772,18
1669862416.703798,20
1669862416.820997,20
1669862416.931259,10
1669862417.041758,11
1669862417.163542,12
1669862417.273429,13
1669862417.383364,14
1669862417.493232,15
1669862417.603151,15
1669862417.713213,17
1669862417.830107,18
1669862417.940283,19
1669862418.050135,19
1669862418.160284,19
1669862418.270093,19
1669862418.380356,19
1669862418.490183,11
1669862418.599998,12
1669862418.709860,13
1669862418.819896,15
1669862418.938156,15
1669862419.047915,16
1669862419.158313,16
1669862419.268144,16
1669862419.378107,17
1669862419.488273,18
1669862419.598572,18
1669862419.708685,19
1669862419.818501,19
1669862419.928487,20
1669862420.045525,20
1669862420.165571,11
1669862420.275989,20
1669862420.386248,7
1669862420.496138,5
1669862420.606006,7
1669862420.711864,9
1669862420.821497,20
1669862420.931623,20
1669862421.047463,9
1669862421.157025,7
1669862421.267391,8
1669862421.373233,19
1669862421.483725,18
1669862421.593896,11
1669862421.703918,5
1669862421.813825,7
1669862421.923827,8
1669862422.033851,9
1669862422.146225,10
1669862422.264080,11
1669862422.374285,12
1669862422.484603,13
1669862422.594753,15
1669862422.704739,16
1669862422.814708,16
1669862422.924584,17
1669862423.034657,18
1669862423.144665,17
1669862423.260561,18
1669862423.370181,19
1669862423.480333,19
1669862423.590288,19
1669862423.700122,12
1669862423.810129,13
1669862423.920247,14
1669862424.030356,14
1669862424.140485,14
1669862424.250111,15
1669862424.364589,16
1669862424.476136,16
1669862424.586332,17
1669862424.696654,18
1669862424.806599,18
1669862424.916530,20
1669862425.026181,20
1669862425.136198,19
1669862425.246359,11
1669862425.356493,12
1669862425.471007,13
1669862425.582424,14
1669862425.692514,14
1669862425.802380,15
1669862425.912584,16
1669862426.022566,18
1669862426.132666,18
1669862426.242574,19
1669862426.352435,19
1669862426.462531,20
1669862426.577756,10
1669862426.687851,11
1669862426.797755,12
1669862426.903367,14
1669862427.013515,19
1669862427.125868,14
1669862427.236125,14
1669862427.346234,11
1669862427.456452,20
1669862427.563082,17
1669862427.673135,17
1669862427.790554,19
1669862427.895957,20
1669862428.006507,19
1669862428.116464,18
1669862428.227367,13
1669862428.337325,15
1669862428.447310,11
1669862428.557591,12
1669862428.667797,12
1669862428.777867,13
1669862428.895054,13
1669862429.005318,14
1669862429.114788,15
1669862429.225666,16
1669862429.335442,16
1669862429.445648,18
1669862429.556056,19
1669862429.666092,19
1669862429.775964,20
1669862429.878133,20
1669862429.987993,20
1669862430.104735,20
1669862430.215618,20
1669862430.325405,6
1669862430.435404,8
1669862430.545381,9
1669862430.655296,10
1669862430.765277,12
1669862430.874674,13
1669862430.984953,14
1669862431.094940,15
1669862431.212966,14
1669862431.322805,15
1669862431.432758,16
1669862431.542613,17
1669862431.652552,17
1669862431.762368,18
1669862431.872295,19
1669862431.982249,20
1669862432.091727,20
1669862432.202711,10
1669862432.324028,11
1669862432.433872,12
1669862432.543746,13
1669862432.654096,14
1669862432.764094,15
1669862432.874137,15
1669862432.984312,17
1669862433.094272,18
1669862433.204444,18
1669862433.321474,19
1669862433.428521,20
1669862433.538199,14
1669862433.648351,9
1669862433.758135,11
1669862433.868143,13
1669862433.987596,10
1669862434.097298,20
1669862434.207327,20
1669862434.312039,5
1669862434.429150,20
1669862434.539287,4
1669862434.649121,6
1669862434.759353,8
1669862434.869209,9
1669862434.979179,10
1669862435.089417,11
1669862435.199507,12
1669862435.310706,13
1669862435.420490,14
1669862435.537396,15
1669862435.647186,16
1669862435.757448,16
1669862435.867911,16
1669862435.977608,17
1669862436.087735,18
1669862436.197442,18
1669862436.307486,19
1669862436.417892,19
1669862436.527812,19
1669862436.645225,12
1669862436.755419,12
1669862436.865629,13
1669862436.975124,14
1669862437.084963,14
1669862437.194956,15
1669862437.305290,16
1669862437.415351,17
1669862437.525298,17
1669862437.635245,19
1669862437.751970,19
1669862437.861860,20
1669862437.971985,20
1669862438.081942,10
1669862438.191726,11
1669862438.301285,12
1669862438.411287,13
1669862438.521195,14
1669862438.631199,15
1669862438.741130,16
1669862438.858110,17
1669862438.968209,18
1669862439.078210,17
1669862439.188350,18
1669862439.297986,19
1669862439.408994,19
1669862439.518646,19
1669862439.628880,11
1669862439.738805,12
1669862439.844333,20
1669862439.960373,12
1669862440.070460,12
1669862440.187160,5
1669862440.293368,20
1669862440.403807,15
1669862440.515955,5
1669862440.625683,20
1669862440.736006,6
1669862440.845828,5
1669862440.955748,7
1669862441.072694,8
1669862441.182495,9
1669862441.292868,10
1669862441.402666,12
1669862441.512709,13
1669862441.622510,14
1669862441.732631,14
1669862441.842361,15
1669862441.954799,15
1669862442.064745,16
1669862442.181603,17
1669862442.291443,17
1669862442.401525,19
1669862442.511378,20
1669862442.621313,20
1669862442.731203,20
1669862442.841097,20
1669862442.951086,11
1669862443.061287,12
1669862443.171353,12
1669862443.288544,13
1669862443.392136,14
1669862443.503050,15
1669862443.613164,16
1669862443.723265,17
1669862443.833267,18
1669862443.943401,18
1669862444.053106,19
1669862444.163069,20
1669862444.273055,19
1669862444.387108,19
1669862444.499437,11
1669862444.609457,12
1669862444.719231,13
1669862444.829108,14
1669862444.939066,15
1669862445.048875,16
1669862445.159094,17
1669862445.269565,16
1669862445.379275,17
1669862445.493430,18
1669862445.606142,18
1669862445.716182,19
1669862445.826053,19
1669862445.937382,15
1669862446.042926,13
1669862446.152604,20
1669862446.263005,17
1669862446.373028,17
1669862446.483613,17
1669862446.593874,19
1669862446.710706,19
1669862446.820611,16
1669862446.930839,16
1669862447.040777,17
1669862447.148689,17
1669862447.259144,19
1669862447.369429,20
1669862447.472341,10
1669862447.582287,12
1669862447.692095,13
1669862447.801844,16
1669862447.918954,20
1669862448.029218,20
1669862448.138999,14
1669862448.248892,5
1669862448.358705,7
1669862448.468632,8
1669862448.578246,9
1669862448.688357,10
1669862448.797925,12
1669862448.908343,13
1669862449.025224,14
1669862449.135293,14
1669862449.245277,15
1669862449.355250,15
1669862449.465055,16
1669862449.574685,17
1669862449.684548,17
1669862449.794263,18
1669862449.904312,20
1669862450.011159,20
1669862450.125737,20
1669862450.236914,10
1669862450.346756,11
1669862450.456702,12
1669862450.566439,13
1669862450.676116,14
1669862450.785768,15
1669862450.895392,15
1669862451.005173,16
1669862451.115038,18
1669862451.224891,18
1669862451.341545,19
1669862451.451176,20
1669862451.561213,19
1669862451.670642,19
1669862451.780218,11
1669862451.889855,12
1669862451.999931,13
1669862452.109762,13
1669862452.221065,15
1669862452.331044,16
1669862452.438596,17
1669862452.566383,16
1669862452.676308,17
1669862452.785760,18
1669862452.895430,18
1669862453.005329,19
1669862453.115165,19
1669862453.225614,17
1669862453.335685,12
1669862453.441782,14
1669862453.558448,20
1669862453.668376,17
1669862453.778798,17
1669862453.888909,18
1669862453.998773,19
1669862454.108887,19
1669862454.217053,10
1669862454.326835,20
1669862454.437405,20
1669862454.547577,20
1669862454.664713,7
1669862454.767251,8
1669862454.877144,11
1669862454.986606,20
1669862455.096536,17
1669862455.206479,19
1669862455.316288,19
1669862455.425934,13
1669862455.535890,14
1669862455.645771,14
1669862455.755603,15
1669862455.872378,16
1669862455.982196,18
1669862456.092082,18
1669862456.201669,19
1669862456.311638,19
1669862456.421244,20
1669862456.531154,19
1669862456.641016,10
1669862456.750489,11
1669862456.860113,12
1669862456.976476,13
1669862457.086201,15
1669862457.196077,16
1669862457.323089,15
1669862457.426655,16
1669862457.536298,17
1669862457.646133,17
1669862457.756037,18
1669862457.865775,19
1669862457.975555,19
1669862458.085371,19
1669862458.195098,12
1669862458.304683,13
1669862458.414310,14
1669862458.524236,13
1669862458.634074,14
1669862458.744000,15
1669862458.853974,16
1669862458.963849,16
1669862459.073232,17
1669862459.183186,18
1669862459.292884,18
1669862459.402508,20
1669862459.512248,20
1669862459.621766,20
1669862459.731639,20
1669862459.841404,20
1669862459.951103,7
1669862460.060903,8
1669862460.170635,9
1669862460.277392,11
1669862460.381103,11
1669862460.490803,19
1669862460.600801,18
1669862460.710626,18
1669862460.820765,20
1669862460.928189,19
1669862461.030233,15
1669862461.132284,18
1669862461.234317,18
1669862461.336442,20
1669862461.441595,9
1669862461.551590,9
1669862461.668559,12
1669862461.778488,15
1669862461.884572,17
1669862461.994608,15
1669862462.105144,16
1669862462.215197,17
1669862462.319870,12
1669862462.450348,13
1669862462.560205,15
1669862462.676877,15
1669862462.786485,16
1669862462.896221,17
1669862463.006098,16
1669862463.115830,17
1669862463.225923,18
1669862463.335945,18
1669862463.445910,19
1669862463.555828,20
1669862463.665352,20
1669862463.783182,14
1669862463.893091,12
1669862463.999404,13
1669862464.109822,13
1669862464.220036,14
1669862464.329949,15
1669862464.439296,15
1669862464.549363,16
1669862464.659322,17
1669862464.768731,17
1669862464.878299,18
1669862464.995157,19
1669862465.105041,20
1669862465.214626,20
1669862465.324610,10
1669862465.434569,11
1669862465.544157,12
1669862465.653561,13
1669862465.763131,14
1669862465.872806,15
1669862465.982445,15
1669862466.099601,17
1669862466.209202,18
1669862466.318809,18
1669862466.422232,19
1669862466.531919,20
1669862466.641780,19
1669862466.751621,19
1669862466.861423,11
1669862466.971384,12
1669862467.081398,13
1669862467.191115,13
1669862467.293442,14
1669862467.410200,20
1669862467.519898,20
1669862467.629735,20
1669862467.739558,20
1669862467.848855,20
1669862467.958544,20
1669862468.068474,20
1669862468.178149,20
1669862468.288208,8
1669862468.398051,10
1669862468.506680,9
1669862468.618455,20
1669862468.728111,20
1669862468.838668,9
1669862468.948378,7
1669862469.058241,9
1669862469.164760,19
1669862469.274679,20
1669862469.384880,17
1669862469.494710,5
1669862469.604474,6
1669862469.721272,8
1669862469.831261,9
1669862469.940921,10
1669862470.050625,11
1669862470.160688,13
1669862470.270101,14
1669862470.379450,15
1669862470.489234,16
1669862470.599346,15
1669862470.709583,16
1669862470.826365,17
1669862470.936259,17
1669862471.046128,18
1669862471.156231,19
1669862471.266239,20
1669862471.375597,20
1669862471.477805,12
1669862471.587490,12
1669862471.697620,12
1669862471.807835,13
1669862471.917592,14
1669862472.034769,15
1669862472.144343,15
1669862472.254302,16
1669862472.364352,17
1669862472.467684,17
1669862472.577592,19
1669862472.687812,20
1669862472.797531,20
1669862472.907379,20
1669862473.017354,11
1669862473.126996,12
1669862473.244067,12
1669862473.353763,13
1669862473.463693,14
1669862473.573368,15
1669862473.683246,17
1669862473.792901,17
1669862473.902692,18
1669862474.012501,19
1669862474.122229,19
1669862474.232178,19
1669862474.349012,19
1669862474.458620,20
1669862474.568464,20
1669862474.685717,20
1669862474.796370,12
1669862474.906197,12
1669862475.016389,15
1669862475.123512,11
1669862475.233358,20
1669862475.347728,19
1669862475.459458,4
1669862475.569452,6
1669862475.679195,8
1669862475.789493,20
1669862475.899469,20
1669862476.009305,3
1669862476.119300,5
1669862476.229472,8
1669862476.339365,9
1669862476.448963,10
1669862476.565898,11
1669862476.675485,12
1669862476.785479,12
1669862476.895146,13
1669862477.004947,14
1669862477.114520,15
1669862477.225100,15
1669862477.334832,16
1669862477.445169,17
1669862477.555084,18
1669862477.671828,19
1669862477.781632,20
1669862477.891259,20
1669862478.000937,19
1669862478.104310,11
1669862478.213954,12
1669862478.324564,13
1669862478.433944,13
1669862478.543623,14
1669862478.653308,15
1669862478.763321,17
1669862478.879985,17
1669862478.989645,18
1669862479.099266,19
1669862479.209388,18
1669862479.318733,19
1669862479.428428,19
1669862479.538076,20
1669862479.648092,20
1669862479.757527,20
1669862479.867514,6
1669862479.984449,8
1669862480.094197,10
1669862480.203850,11
1669862480.313573,12
1669862480.423715,12
1669862480.533209,13
1669862480.642959,14
1669862480.752737,15
1669862480.862447,15
1669862480.972438,16
1669862481.088308,17
1669862481.198065,18
1669862481.304193,20
1669862481.414149,20
1669862481.524320,11
1669862481.634238,9
1669862481.738565,11
1669862481.848546,13
1669862481.967197,8
1669862482.077594,20
1669862482.193040,20
1669862482.305516,20
1669862482.416012,7
1669862482.525831,9
1669862482.635417,10
1669862482.757075,19
1669862482.867224,16
1669862482.977442,18
1669862483.087140,19
1669862483.203143,13
1669862483.312743,14
1669862483.422813,16
1669862483.529487,16
1669862483.639389,17
1669862483.749131,18
1669862483.859042,18
1669862483.968916,19
1669862484.078806,18
1669862484.188748,19
1669862484.298433,20
1669862484.415304,20
1669862484.524668,20
1669862484.634987,7
1669862484.744844,7
1669862484.854316,9
1669862484.964595,11
1669862485.074570,12
1669862485.184410,13
1669862485.294236,13
1669862485.404025,13
1669862485.520651,14
1669862485.630092,15
1669862485.739690,16
1669862485.849385,16
1669862485.959308,17
1669862486.068791,19
1669862486.178434,19
1669862486.288380,20
1669862486.398214,20
1669862486.508768,20
1669862486.624537,11
1669862486.734252,12
1669862486.844002,13
1669862486.956187,13
1669862487.066057,14
1669862487.175729,16
1669862487.286235,17
1669862487.395897,17
1669862487.505825,18
1669862487.616919,18
1669862487.733862,18
1669862487.843798,19
1669862487.953454,19
1669862488.063195,18
1669862488.173063,11
1669862488.283551,13
1669862488.393257,14
1669862488.499924,12
1669862488.609462,20
1669862488.719457,17
1669862488.835094,18
1669862488.945535,18
1669862489.055406,19
1669862489.165527,10
1669862489.275318,9
1669862489.386037,20
1669862489.496401,20
1669862489.606359,6
1669862489.716090,7
1669862489.825749,10
1669862489.931700,19
1669862490.048383,20
1669862490.158459,20
1669862490.268105,4
1669862490.377856,6
1669862490.487804,7
1669862490.597545,9
1669862490.707507,10
1669862490.817086,11
1669862490.927168,13
1669862491.037125,14
1669862491.153638,15
1669862491.263453,14
1669862491.373173,15
1669862491.483277,16
1669862491.593101,16
1669862491.699520,17
1669862491.809383,18
1669862491.919304,18
1669862492.029494,19
1669862492.139275,20
1669862492.255594,15
1669862492.357692,12
1669862492.467583,12
1669862492.577178,13
1669862492.689193,14
1669862492.799290,15
1669862492.909142,15
1669862493.019138,16
1669862493.129007,17
1669862493.239271,18
1669862493.349077,19
1669862493.465662,19
1669862493.575557,20
1669862493.685156,20
1669862493.795173,10
1669862493.904940,11
1669862494.011538,12
1669862494.121281,13
1669862494.231170,14
1669862494.341101,15
1669862494.451226,16
1669862494.565616,17
1669862494.678463,18
1669862494.788279,18
1669862494.898604,18
1669862495.009263,19
1669862495.119216,19
1669862495.228972,19
1669862495.338680,11
1669862495.448732,12
1669862495.559692,19
1669862495.676189,14
1669862495.786118,11
1669862495.891150,6
1669862496.001017,20
1669862496.111468,11
1669862496.220060,5
1669862496.329629,20
1669862496.439649,6
1669862496.549581,5
1669862496.659776,7
1669862496.769587,8
1669862496.886678,10
1669862496.996666,11
1669862497.106642,11
1669862497.216225,12
1669862497.326266,13
1669862497.436251,14
1669862497.545913,15
1669862497.656023,15
1669862497.765921,16
1669862497.875561,17
1669862497.992333,18
1669862498.101854,19
1669862498.212061,20
1669862498.321580,20
1669862498.431925,19
1669862498.541737,11
1669862498.651936,12
1669862498.761785,13
1669862498.871755,13
1669862498.981512,14
1669862499.097803,16
1669862499.207758,17
1669862499.317644,17
1669862499.427435,18
1669862499.537543,18
1669862499.647383,18
1669862499.757225,19
1669862499.867144,19
1669862499.977038,19
1669862500.086802,11
1669862500.202541,13
1669862500.313431,14
1669862500.423253,15
1669862500.533199,14
1669862500.643085,15
1669862500.752797,16
1669862500.862555,17
1669862500.972480,17
1669862501.082399,18
1669862501.192410,18
1669862501.302261,20
1669862501.419404,20
1669862501.529336,11
1669862501.639373,11
1669862501.741727,13
1669862501.851341,20
1669862501.963798,17
1669862502.073582,17
1669862502.183684,18
1669862502.293570,19
1669862502.403218,20
1669862502.517758,14
1669862502.630425,10
1669862502.735875,19
1669862502.845874,17
1669862502.979283,19
1669862503.089262,18
1669862503.194804,14
1669862503.305075,20
1669862503.414819,18
1669862503.532134,19
1669862503.641878,12
1669862503.751790,6
1669862503.861833,8
1669862503.971881,10
1669862504.081688,11
1669862504.192279,11
1669862504.301915,12
1669862504.412204,13
1669862504.522135,13
1669862504.638989,14
1669862504.749173,15
1669862504.859071,16
1669862504.969345,17
1669862505.078813,18
1669862505.188819,19
1669862505.291259,19
1669862505.400773,20
1669862505.511056,20
1669862505.620763,20
1669862505.730673,20
1669862505.836712,20
1669862505.946644,6
1669862506.056591,8
1669862506.166627,9
1669862506.276363,10
1669862506.382711,11
1669862506.488697,12
1669862506.598627,14
1669862506.708181,15
1669862506.817842,14
1669862506.927396,16
1669862507.037337,16
1669862507.146726,16
1669862507.256771,17
1669862507.363581,18
1669862507.473197,18
1669862507.583353,19
1669862507.693028,19
1669862507.803206,19
1669862507.912630,12
1669862508.045512,12
1669862508.154995,13
1669862508.265250,14
1669862508.368257,15
1669862508.477718,15
1669862508.594287,16
1669862508.719378,17
1669862508.829490,20
1669862508.939416,19
1669862509.049033,13
1669862509.159271,15
1669862509.269129,16
1669862509.379091,17
1669862509.500269,14
1669862509.609842,19
1669862509.719593,18
1669862509.829624,20
1669862509.939516,20
1669862510.049456,20
1669862510.159315,20
1669862510.269138,20
1669862510.378662,20
1669862510.489086,9
1669862510.606083,11
1669862510.715852,12
1669862510.820907,13
1669862510.930499,19
1669862511.040260,18
1669862511.150043,20
1669862511.259590,20
1669862511.369398,20
1669862511.479181,17
1669862511.588879,9
1669862511.698591,10
1669862511.815664,11
1669862511.925436,12
1669862512.035357,13
1669862512.144977,14
1669862512.254676,15
1669862512.364476,16
1669862512.474240,17
1669862512.584185,18
1669862512.693872,18
1669862512.803520,19
1669862512.920052,19
1669862513.050822,0
1669862513.160166,0
1669862513.269986,0
1669862513.379256,0
1669862513.488639,0
1669862513.597898,0
1669862513.707415,0
1669862513.822666,0
1669862513.932251,0
1669862514.041310,0
1669862514.150541,0
1669862514.259847,0
1669862514.369474,0
1669862514.478751,0
1669862514.588178,0
1669862514.697583,0
1669862514.806980,0
1669862514.916146,0
1669862515.031775,0
1669862515.141116,0
1669862515.243678,0
1669862515.352651,0
1669862515.461827,0
1669862515.571605,0
1669862515.680731,0
1669862515.789571,0
1669862515.894342,0
1669862516.003728,0
1669862516.113072,0
1669862516.222641,0
1669862516.338212,0
1669862516.447573,0
1669862516.556924,0
1669862516.663952,0
1669862516.783443,0
